40
3 2 100
3 5 7
4 8 16
1 20 5 2
5 7504 7807
6193 8730 2455 7796 1480
5 6840 8070
7350 8810 287 9000 2595
5 8357 9877
8804 140 9014 8679 1282
4 2 10000
4 49 3 17
10 2 10000
7 11 3 5 2 2310 15 6 10 1
5 8621 8757
2815 3412 18 2220 6766
51 1141 2280
228 6840 6840 6840 228 6840 6840 6840 6840 228 6840 228 6840 6840 6840 228 6840 6840 228 228 6840 6840 228 228 6840 228 228 6840 6840 228 6840 228 228 228 6840 6840 6840 228 228 228 228 228 228 6840 6840 228 228 228 228 6840 6840
5 9617 9881
1296 7249 1280 2012 355
5 1649 6799
9996 9027 1444 7843 1293
10 2 10000
30 5 1 6 10 2 15 3 7 11
6 2 10000
9941 9949 9973 9929 9931 9967
5 3073 4470
8504 92 4043 6295 2628
2 5001 10000
2500 5000
5 1343 3743
4167 8453 4606 3095 7553
13 1 10000
5090 9720 1561 9819 7373 7521 406 7425 7193 4286 8270 7989 6158
100 9 24
672 3024 5256 8616 4104 5376 2016 2760 7224 3096 8256 2304 1224 4992 7872 9480 3768 2568 2520 6624 2496 2856 3816 360 7344 9576 840 480 3672 4944 1752 3720 3936 8424 792 9864 4536 3312 8712 7968 4080 7176 5208 1944 744 6792 3480 7128 6168 2352 6000 624 6984 7488 7920 264 7152 336 1272 4512 5232 2688 1440 7440 4920 5640 5352 2832 5184 8160 6456 6840 576 2736 5112 3192 3600 7536 240 8352 3696 7848 8472 3048 3912 6816 2112 5664 2280 7680 4056 6480 648 3960 504 1320 9816 6552 600 528
50 2 10000
60 180 112 16 140 360 280 840 45 4 40 504 21 2520 72 126 420 105 240 9 20 1680 5040 6 1260 2 30 84 336 15 12 144 42 630 48 252 720 8 24 56 90 14 28 1008 70 1 5 315 560 7
5 9668 9709
353 4170 7853 1071 255
9 2 10000
8633 1 8633 1 1 8633 8633 8633 8633
5 3021 3081
46 461 4506 7011 7257
5 6346 7798
1866 7164 6573 3865 6201
5 7438 7750
5715 6479 4330 7014 8735
5 5800 6946
3189 3051 1959 7100 8206
100 2 10000
4399 1494 1743 2988 4648 5063 1660 8134 415 1245 5229 4731 3735 8051 5312 6640 5146 4150 7304 6474 5644 1411 5561 2822 8383 5478 4482 4980 2241 3403 2158 249 498 2075 7719 1826 5976 3486 3237 3984 5893 7636 1909 581 5727 8217 6225 7387 6059 6889 2324 2905 332 6806 4316 2407 4067 3154 4233 5810 5395 3901 7055 2739 3652 1992 6142 166 7470 6557 3071 7138 2490 4565 913 7885 6391 8300 3818 4814 3569 7553 2573 6723 1162 1328 747 3320 996 7802 4897 6972 1577 664 1079 6308 2656 7968 830 7221
7 5 10000
9762 9822 9714 9678 9726 9978 9942
5 7603 8828
9534 593 2245 6512 1477
3 2 50
3 5 75
5 8790 9636
9387 5024 8710 9848 9680
51 2048 4093
2047 4094 2047 2047 4094 4094 4094 2047 2047 4094 4094 4094 2047 2047 2047 2047 4094 4094 2047 2047 2047 4094 4094 4094 2047 2047 4094 2047 4094 4094 4094 4094 4094 4094 4094 2047 2047 2047 4094 4094 2047 2047 2047 2047 4094 2047 4094 2047 4094 4094 2047
10 8301 9961
2 5 20 83 10 4 830 332 166 415
5 7051 8806
6539 6156 1182 5037 633
5 7281 7406
6330 4633 2843 3030 6808
5 1359 3278
4162 2525 4432 2951 3314
10 61 119
4320 3600 4 8640 60 5040 2880 10 20 40
100 1 10000
5864 6630 2624 5545 753 3982 3597 6361 8619 3458 7439 8543 9390 1440 2586 5590 3360 6562 2000 5606 2449 7733 9415 7033 5986 8453 3431 463 9243 1478 9274 9908 1363 8873 2818 4467 6950 3769 6179 2869 880 8695 3372 9026 8921 4869 9564 2436 1938 2668 6228 6868 1966 4003 1916 2052 5271 3624 4730 8564 6902 9090 44 4695 6146 3526 582 9442 6799 2884 5884 2877 539 3241 7012 6123 2866 6026 2404 378 4594 1546 7989 1838 1558 4950 2208 8829 9887 2037 5267 4261 5785 8920 7081 7324 6488 7645 7471 4512
5 3624 4193
7625 545 5219 2417 5709
5 9156 9836
2119 3094 452 6064 6940
10 61 119
2520 5 9000 1440 4320 10 30 12 4680 20
